%YAML:1.0
---
model_type: POLYFISHEYE
camera_name: CM3_fish
image_width: 1280
image_height: 1024
projection_parameters:
   k2: 2.8507755138770199e-02
   k3: -9.3981267041532660e-02
   k4: 1.4060590769536671e-01
   k5: -1.2035699481592183e-01
   k6: 5.3784334661297020e-02
   k7: -1.0373968487570221e-02
   p1: 0.
   p2: 0.
   A11: 2.4451184316252821e+02
   A12: 1.8914261983236152e-01
   A22: 2.4574743298401788e+02
   u0: 6.2496521010980621e+02
   v0: 5.1862760277117115e+02
   isFast: 0
   numDiff: 3000
   maxIncidentAngle: 120
